train-json = /home/dusiak/data/vertebra/faster_rcnn_markup/train.json
test-json = /home/dusiak/data/vertebra/faster_rcnn_markup/test.json
save-to = /home/dusiak/data/vertebra/faster_rcnn_markup/saves
epochs = -1
bs = 8
lr = 0.005
momentum = 0.9
weight-decay = 1e-4
crop-factor = 0.1
h-flip-prob = 0.5
v-flip-prob = 0.5
mean = [0.15790240544637338, 0.1552071038276819, 0.14960934155744626]
std = [0.17360058569013256, 0.1712755483385491, 0.16214239162025465]
loader-workers = 5
pretrained-backbone = true